{
 "cells": [
  {
   "cell_type": "code",
   "execution_count": 131,
   "id": "55fb2476",
   "metadata": {},
   "outputs": [
    {
     "data": {
      "text/html": [
       "        <script type=\"text/javascript\">\n",
       "        window.PlotlyConfig = {MathJaxConfig: 'local'};\n",
       "        if (window.MathJax) {MathJax.Hub.Config({SVG: {font: \"STIX-Web\"}});}\n",
       "        if (typeof require !== 'undefined') {\n",
       "        require.undef(\"plotly\");\n",
       "        requirejs.config({\n",
       "            paths: {\n",
       "                'plotly': ['https://cdn.plot.ly/plotly-latest.min']\n",
       "            }\n",
       "        });\n",
       "        require(['plotly'], function(Plotly) {\n",
       "            window._Plotly = Plotly;\n",
       "        });\n",
       "        }\n",
       "        </script>\n",
       "        "
      ]
     },
     "metadata": {},
     "output_type": "display_data"
    }
   ],
   "source": [
    "# Usual suspects\n",
    "import pandas as pd\n",
    "import numpy as np\n",
    "import glob\n",
    "\n",
    "# Visual imports\n",
    "import matplotlib.pyplot as plt\n",
    "import seaborn as sns\n",
    "\n",
    "# Import statements required for Plotly \n",
    "import plotly.offline as py\n",
    "py.init_notebook_mode(connected=True)\n",
    "import plotly.graph_objs as go\n",
    "import plotly.tools as tls\n",
    "\n",
    "#SciKit learn library imports\n",
    "from sklearn.ensemble import RandomForestClassifier, GradientBoostingClassifier\n",
    "from sklearn.linear_model import LogisticRegression\n",
    "from sklearn.metrics import (accuracy_score, log_loss, classification_report)\n",
    "from sklearn.model_selection import train_test_split\n",
    "from sklearn.preprocessing import StandardScaler\n",
    "from sklearn.model_selection import StratifiedShuffleSplit\n",
    "from sklearn import tree\n",
    "\n",
    "# Imbalanced import\n",
    "from imblearn.over_sampling import SMOTE\n",
    "import xgboost\n",
    "\n",
    "# AutoML import\n",
    "from supervised.automl import AutoML\n",
    "\n",
    "#IO library\n",
    "from IPython.display import Image as PImage\n",
    "from subprocess import check_call\n",
    "from PIL import Image, ImageDraw, ImageFont\n",
    "import re\n",
    "\n",
    "# suppress all warnings\n",
    "import warnings\n",
    "warnings.filterwarnings(\"ignore\")"
   ]
  },
  {
   "cell_type": "code",
   "execution_count": 78,
   "id": "5ad896c9",
   "metadata": {},
   "outputs": [
    {
     "name": "stdout",
     "output_type": "stream",
     "text": [
      "Records: 117536 \n",
      "Columns: 32\n"
     ]
    },
    {
     "data": {
      "text/html": [
       "<div>\n",
       "<style scoped>\n",
       "    .dataframe tbody tr th:only-of-type {\n",
       "        vertical-align: middle;\n",
       "    }\n",
       "\n",
       "    .dataframe tbody tr th {\n",
       "        vertical-align: top;\n",
       "    }\n",
       "\n",
       "    .dataframe thead th {\n",
       "        text-align: right;\n",
       "    }\n",
       "</style>\n",
       "<table border=\"1\" class=\"dataframe\">\n",
       "  <thead>\n",
       "    <tr style=\"text-align: right;\">\n",
       "      <th></th>\n",
       "      <th>Accident_Index</th>\n",
       "      <th>Location_Easting_OSGR</th>\n",
       "      <th>Location_Northing_OSGR</th>\n",
       "      <th>Longitude</th>\n",
       "      <th>Latitude</th>\n",
       "      <th>Police_Force</th>\n",
       "      <th>Accident_Severity</th>\n",
       "      <th>Number_of_Vehicles</th>\n",
       "      <th>Number_of_Casualties</th>\n",
       "      <th>Date</th>\n",
       "      <th>Day_of_Week</th>\n",
       "      <th>Time</th>\n",
       "      <th>Local_Authority_(District)</th>\n",
       "      <th>Local_Authority_(Highway)</th>\n",
       "      <th>1st_Road_Class</th>\n",
       "      <th>1st_Road_Number</th>\n",
       "      <th>Road_Type</th>\n",
       "      <th>Speed_limit</th>\n",
       "      <th>Junction_Detail</th>\n",
       "      <th>Junction_Control</th>\n",
       "      <th>2nd_Road_Class</th>\n",
       "      <th>2nd_Road_Number</th>\n",
       "      <th>Pedestrian_Crossing-Human_Control</th>\n",
       "      <th>Pedestrian_Crossing-Physical_Facilities</th>\n",
       "      <th>Light_Conditions</th>\n",
       "      <th>Weather_Conditions</th>\n",
       "      <th>Road_Surface_Conditions</th>\n",
       "      <th>Special_Conditions_at_Site</th>\n",
       "      <th>Carriageway_Hazards</th>\n",
       "      <th>Urban_or_Rural_Area</th>\n",
       "      <th>Did_Police_Officer_Attend_Scene_of_Accident</th>\n",
       "      <th>LSOA_of_Accident_Location</th>\n",
       "    </tr>\n",
       "  </thead>\n",
       "  <tbody>\n",
       "    <tr>\n",
       "      <th>0</th>\n",
       "      <td>2019010128300</td>\n",
       "      <td>528218.0</td>\n",
       "      <td>180407.0</td>\n",
       "      <td>-0.153842</td>\n",
       "      <td>51.508057</td>\n",
       "      <td>1</td>\n",
       "      <td>3</td>\n",
       "      <td>2</td>\n",
       "      <td>3</td>\n",
       "      <td>18/02/2019</td>\n",
       "      <td>2</td>\n",
       "      <td>17:50</td>\n",
       "      <td>1</td>\n",
       "      <td>E09000033</td>\n",
       "      <td>3</td>\n",
       "      <td>4202</td>\n",
       "      <td>1</td>\n",
       "      <td>30</td>\n",
       "      <td>1</td>\n",
       "      <td>2</td>\n",
       "      <td>3</td>\n",
       "      <td>4202</td>\n",
       "      <td>0</td>\n",
       "      <td>5</td>\n",
       "      <td>1</td>\n",
       "      <td>1</td>\n",
       "      <td>1</td>\n",
       "      <td>0</td>\n",
       "      <td>0</td>\n",
       "      <td>1</td>\n",
       "      <td>3</td>\n",
       "      <td>E01004762</td>\n",
       "    </tr>\n",
       "    <tr>\n",
       "      <th>1</th>\n",
       "      <td>2019010152270</td>\n",
       "      <td>530219.0</td>\n",
       "      <td>172463.0</td>\n",
       "      <td>-0.127949</td>\n",
       "      <td>51.436208</td>\n",
       "      <td>1</td>\n",
       "      <td>3</td>\n",
       "      <td>2</td>\n",
       "      <td>1</td>\n",
       "      <td>15/01/2019</td>\n",
       "      <td>3</td>\n",
       "      <td>21:45</td>\n",
       "      <td>9</td>\n",
       "      <td>E09000022</td>\n",
       "      <td>3</td>\n",
       "      <td>23</td>\n",
       "      <td>2</td>\n",
       "      <td>30</td>\n",
       "      <td>0</td>\n",
       "      <td>-1</td>\n",
       "      <td>-1</td>\n",
       "      <td>0</td>\n",
       "      <td>-1</td>\n",
       "      <td>-1</td>\n",
       "      <td>4</td>\n",
       "      <td>1</td>\n",
       "      <td>1</td>\n",
       "      <td>0</td>\n",
       "      <td>0</td>\n",
       "      <td>1</td>\n",
       "      <td>3</td>\n",
       "      <td>E01003117</td>\n",
       "    </tr>\n",
       "    <tr>\n",
       "      <th>2</th>\n",
       "      <td>2019010155191</td>\n",
       "      <td>530222.0</td>\n",
       "      <td>182543.0</td>\n",
       "      <td>-0.124193</td>\n",
       "      <td>51.526795</td>\n",
       "      <td>1</td>\n",
       "      <td>3</td>\n",
       "      <td>2</td>\n",
       "      <td>1</td>\n",
       "      <td>01/01/2019</td>\n",
       "      <td>3</td>\n",
       "      <td>01:50</td>\n",
       "      <td>2</td>\n",
       "      <td>E09000007</td>\n",
       "      <td>4</td>\n",
       "      <td>504</td>\n",
       "      <td>6</td>\n",
       "      <td>30</td>\n",
       "      <td>3</td>\n",
       "      <td>4</td>\n",
       "      <td>6</td>\n",
       "      <td>0</td>\n",
       "      <td>0</td>\n",
       "      <td>0</td>\n",
       "      <td>4</td>\n",
       "      <td>1</td>\n",
       "      <td>1</td>\n",
       "      <td>0</td>\n",
       "      <td>0</td>\n",
       "      <td>1</td>\n",
       "      <td>1</td>\n",
       "      <td>E01000943</td>\n",
       "    </tr>\n",
       "    <tr>\n",
       "      <th>3</th>\n",
       "      <td>2019010155192</td>\n",
       "      <td>525531.0</td>\n",
       "      <td>184605.0</td>\n",
       "      <td>-0.191044</td>\n",
       "      <td>51.546387</td>\n",
       "      <td>1</td>\n",
       "      <td>2</td>\n",
       "      <td>1</td>\n",
       "      <td>1</td>\n",
       "      <td>01/01/2019</td>\n",
       "      <td>3</td>\n",
       "      <td>01:20</td>\n",
       "      <td>2</td>\n",
       "      <td>E09000007</td>\n",
       "      <td>4</td>\n",
       "      <td>510</td>\n",
       "      <td>6</td>\n",
       "      <td>20</td>\n",
       "      <td>3</td>\n",
       "      <td>4</td>\n",
       "      <td>4</td>\n",
       "      <td>510</td>\n",
       "      <td>0</td>\n",
       "      <td>0</td>\n",
       "      <td>4</td>\n",
       "      <td>1</td>\n",
       "      <td>1</td>\n",
       "      <td>0</td>\n",
       "      <td>0</td>\n",
       "      <td>1</td>\n",
       "      <td>1</td>\n",
       "      <td>E01000973</td>\n",
       "    </tr>\n",
       "    <tr>\n",
       "      <th>4</th>\n",
       "      <td>2019010155194</td>\n",
       "      <td>524920.0</td>\n",
       "      <td>184004.0</td>\n",
       "      <td>-0.200064</td>\n",
       "      <td>51.541121</td>\n",
       "      <td>1</td>\n",
       "      <td>3</td>\n",
       "      <td>2</td>\n",
       "      <td>2</td>\n",
       "      <td>01/01/2019</td>\n",
       "      <td>3</td>\n",
       "      <td>00:40</td>\n",
       "      <td>28</td>\n",
       "      <td>E09000005</td>\n",
       "      <td>3</td>\n",
       "      <td>4003</td>\n",
       "      <td>6</td>\n",
       "      <td>30</td>\n",
       "      <td>6</td>\n",
       "      <td>4</td>\n",
       "      <td>6</td>\n",
       "      <td>0</td>\n",
       "      <td>0</td>\n",
       "      <td>0</td>\n",
       "      <td>4</td>\n",
       "      <td>1</td>\n",
       "      <td>1</td>\n",
       "      <td>0</td>\n",
       "      <td>0</td>\n",
       "      <td>1</td>\n",
       "      <td>1</td>\n",
       "      <td>E01000546</td>\n",
       "    </tr>\n",
       "  </tbody>\n",
       "</table>\n",
       "</div>"
      ],
      "text/plain": [
       "  Accident_Index  Location_Easting_OSGR  Location_Northing_OSGR  Longitude  \\\n",
       "0  2019010128300               528218.0                180407.0  -0.153842   \n",
       "1  2019010152270               530219.0                172463.0  -0.127949   \n",
       "2  2019010155191               530222.0                182543.0  -0.124193   \n",
       "3  2019010155192               525531.0                184605.0  -0.191044   \n",
       "4  2019010155194               524920.0                184004.0  -0.200064   \n",
       "\n",
       "    Latitude  Police_Force  Accident_Severity  Number_of_Vehicles  \\\n",
       "0  51.508057             1                  3                   2   \n",
       "1  51.436208             1                  3                   2   \n",
       "2  51.526795             1                  3                   2   \n",
       "3  51.546387             1                  2                   1   \n",
       "4  51.541121             1                  3                   2   \n",
       "\n",
       "   Number_of_Casualties        Date  Day_of_Week   Time  \\\n",
       "0                     3  18/02/2019            2  17:50   \n",
       "1                     1  15/01/2019            3  21:45   \n",
       "2                     1  01/01/2019            3  01:50   \n",
       "3                     1  01/01/2019            3  01:20   \n",
       "4                     2  01/01/2019            3  00:40   \n",
       "\n",
       "   Local_Authority_(District) Local_Authority_(Highway)  1st_Road_Class  \\\n",
       "0                           1                 E09000033               3   \n",
       "1                           9                 E09000022               3   \n",
       "2                           2                 E09000007               4   \n",
       "3                           2                 E09000007               4   \n",
       "4                          28                 E09000005               3   \n",
       "\n",
       "   1st_Road_Number  Road_Type  Speed_limit  Junction_Detail  Junction_Control  \\\n",
       "0             4202          1           30                1                 2   \n",
       "1               23          2           30                0                -1   \n",
       "2              504          6           30                3                 4   \n",
       "3              510          6           20                3                 4   \n",
       "4             4003          6           30                6                 4   \n",
       "\n",
       "   2nd_Road_Class  2nd_Road_Number  Pedestrian_Crossing-Human_Control  \\\n",
       "0               3             4202                                  0   \n",
       "1              -1                0                                 -1   \n",
       "2               6                0                                  0   \n",
       "3               4              510                                  0   \n",
       "4               6                0                                  0   \n",
       "\n",
       "   Pedestrian_Crossing-Physical_Facilities  Light_Conditions  \\\n",
       "0                                        5                 1   \n",
       "1                                       -1                 4   \n",
       "2                                        0                 4   \n",
       "3                                        0                 4   \n",
       "4                                        0                 4   \n",
       "\n",
       "   Weather_Conditions  Road_Surface_Conditions  Special_Conditions_at_Site  \\\n",
       "0                   1                        1                           0   \n",
       "1                   1                        1                           0   \n",
       "2                   1                        1                           0   \n",
       "3                   1                        1                           0   \n",
       "4                   1                        1                           0   \n",
       "\n",
       "   Carriageway_Hazards  Urban_or_Rural_Area  \\\n",
       "0                    0                    1   \n",
       "1                    0                    1   \n",
       "2                    0                    1   \n",
       "3                    0                    1   \n",
       "4                    0                    1   \n",
       "\n",
       "   Did_Police_Officer_Attend_Scene_of_Accident LSOA_of_Accident_Location  \n",
       "0                                            3                 E01004762  \n",
       "1                                            3                 E01003117  \n",
       "2                                            1                 E01000943  \n",
       "3                                            1                 E01000973  \n",
       "4                                            1                 E01000546  "
      ]
     },
     "execution_count": 78,
     "metadata": {},
     "output_type": "execute_result"
    }
   ],
   "source": [
    "# data in load\n",
    "pd.set_option('display.max_columns', None) \n",
    "\n",
    "accidents = pd.read_csv('../dataset/Road Safety Data - Accidents 2019.csv')\n",
    "print('Records:', accidents.shape[0], '\\nColumns:', accidents.shape[1])\n",
    "accidents.head()"
   ]
  },
  {
   "cell_type": "code",
   "execution_count": 79,
   "id": "6d0f3f4f",
   "metadata": {},
   "outputs": [
    {
     "data": {
      "text/plain": [
       "Index(['Accident_Index', 'Location_Easting_OSGR', 'Location_Northing_OSGR',\n",
       "       'Longitude', 'Latitude', 'Police_Force', 'Accident_Severity',\n",
       "       'Number_of_Vehicles', 'Number_of_Casualties', 'Date', 'Day_of_Week',\n",
       "       'Time', 'Local_Authority_(District)', 'Local_Authority_(Highway)',\n",
       "       '1st_Road_Class', '1st_Road_Number', 'Road_Type', 'Speed_limit',\n",
       "       'Junction_Detail', 'Junction_Control', '2nd_Road_Class',\n",
       "       '2nd_Road_Number', 'Pedestrian_Crossing-Human_Control',\n",
       "       'Pedestrian_Crossing-Physical_Facilities', 'Light_Conditions',\n",
       "       'Weather_Conditions', 'Road_Surface_Conditions',\n",
       "       'Special_Conditions_at_Site', 'Carriageway_Hazards',\n",
       "       'Urban_or_Rural_Area', 'Did_Police_Officer_Attend_Scene_of_Accident',\n",
       "       'LSOA_of_Accident_Location'],\n",
       "      dtype='object')"
      ]
     },
     "execution_count": 79,
     "metadata": {},
     "output_type": "execute_result"
    }
   ],
   "source": [
    "accidents.columns"
   ]
  },
  {
   "cell_type": "code",
   "execution_count": 80,
   "id": "07d758a6",
   "metadata": {},
   "outputs": [],
   "source": [
    "#accidents.info()"
   ]
  },
  {
   "cell_type": "code",
   "execution_count": 81,
   "id": "9ceec4c2",
   "metadata": {},
   "outputs": [],
   "source": [
    "accidents['Date']= pd.to_datetime(accidents['Date'])"
   ]
  },
  {
   "cell_type": "code",
   "execution_count": 82,
   "id": "57b8a6ca",
   "metadata": {},
   "outputs": [],
   "source": [
    "# slice first and second string from time column\n",
    "accidents['Hour'] = accidents['Time'].str[0:2]\n",
    "\n",
    "# convert new column to numeric datetype\n",
    "accidents['Hour'] = pd.to_numeric(accidents['Hour'])\n",
    "\n",
    "# drop null values in our new column\n",
    "accidents = accidents.dropna(subset=['Hour'])\n",
    "\n",
    "# cast to integer values\n",
    "accidents['Hour'] = accidents['Hour'].astype('int')"
   ]
  },
  {
   "cell_type": "code",
   "execution_count": 83,
   "id": "d9d23dee",
   "metadata": {},
   "outputs": [],
   "source": [
    "# define a function that turns the hours into daytime groups\n",
    "def when_was_it(hour):\n",
    "    if hour >= 5 and hour < 10:\n",
    "        return \"1\"\n",
    "    elif hour >= 10 and hour < 15:\n",
    "        return \"2\"\n",
    "    elif hour >= 15 and hour < 19:\n",
    "        return \"3\"\n",
    "    elif hour >= 19 and hour < 23:\n",
    "        return \"4\"\n",
    "    else:\n",
    "        return \"5\""
   ]
  },
  {
   "cell_type": "code",
   "execution_count": 84,
   "id": "bd769d78",
   "metadata": {},
   "outputs": [],
   "source": [
    "# create a little dictionary to later look up the groups I created\n",
    "daytime_groups = {1: 'Morning: Between 5 and 10', \n",
    "                  2: 'Office Hours: Between 10 and 15', \n",
    "                  3: 'Afternoon Rush: Between 15 and 19', \n",
    "                  4: 'Evening: Between 19 and 23', \n",
    "                  5: 'Night: Between 23 and 5'}"
   ]
  },
  {
   "cell_type": "code",
   "execution_count": 85,
   "id": "e00a8894",
   "metadata": {},
   "outputs": [
    {
     "data": {
      "text/html": [
       "<div>\n",
       "<style scoped>\n",
       "    .dataframe tbody tr th:only-of-type {\n",
       "        vertical-align: middle;\n",
       "    }\n",
       "\n",
       "    .dataframe tbody tr th {\n",
       "        vertical-align: top;\n",
       "    }\n",
       "\n",
       "    .dataframe thead th {\n",
       "        text-align: right;\n",
       "    }\n",
       "</style>\n",
       "<table border=\"1\" class=\"dataframe\">\n",
       "  <thead>\n",
       "    <tr style=\"text-align: right;\">\n",
       "      <th></th>\n",
       "      <th>Time</th>\n",
       "      <th>Hour</th>\n",
       "      <th>Daytime</th>\n",
       "    </tr>\n",
       "  </thead>\n",
       "  <tbody>\n",
       "    <tr>\n",
       "      <th>0</th>\n",
       "      <td>17:50</td>\n",
       "      <td>17</td>\n",
       "      <td>3</td>\n",
       "    </tr>\n",
       "    <tr>\n",
       "      <th>1</th>\n",
       "      <td>21:45</td>\n",
       "      <td>21</td>\n",
       "      <td>4</td>\n",
       "    </tr>\n",
       "    <tr>\n",
       "      <th>2</th>\n",
       "      <td>01:50</td>\n",
       "      <td>1</td>\n",
       "      <td>5</td>\n",
       "    </tr>\n",
       "    <tr>\n",
       "      <th>3</th>\n",
       "      <td>01:20</td>\n",
       "      <td>1</td>\n",
       "      <td>5</td>\n",
       "    </tr>\n",
       "    <tr>\n",
       "      <th>4</th>\n",
       "      <td>00:40</td>\n",
       "      <td>0</td>\n",
       "      <td>5</td>\n",
       "    </tr>\n",
       "  </tbody>\n",
       "</table>\n",
       "</div>"
      ],
      "text/plain": [
       "    Time  Hour Daytime\n",
       "0  17:50    17       3\n",
       "1  21:45    21       4\n",
       "2  01:50     1       5\n",
       "3  01:20     1       5\n",
       "4  00:40     0       5"
      ]
     },
     "execution_count": 85,
     "metadata": {},
     "output_type": "execute_result"
    }
   ],
   "source": [
    "# apply this function to our temporary hour column\n",
    "accidents['Daytime'] = accidents['Hour'].apply(when_was_it)\n",
    "accidents[['Time', 'Hour', 'Daytime']].head()"
   ]
  },
  {
   "cell_type": "code",
   "execution_count": 86,
   "id": "e2e08691",
   "metadata": {},
   "outputs": [],
   "source": [
    "# drop old time column and temporary hour column\n",
    "accidents = accidents.drop(columns=['Time', 'Hour'])"
   ]
  },
  {
   "cell_type": "code",
   "execution_count": 87,
   "id": "be212a2b",
   "metadata": {},
   "outputs": [
    {
     "name": "stdout",
     "output_type": "stream",
     "text": [
      "Proportion of Missing Values in Accidents Table: 0.05 %\n"
     ]
    }
   ],
   "source": [
    "print('Proportion of Missing Values in Accidents Table:', \n",
    "      round(accidents.isna().sum().sum()/len(accidents), 3), '%')"
   ]
  },
  {
   "cell_type": "code",
   "execution_count": 88,
   "id": "fb9b1cdb",
   "metadata": {},
   "outputs": [],
   "source": [
    "# Define a dictionary for the target mapping\n",
    "# Use the pandas apply method to numerically encode our Did_Police_Officer_Attend_Scene_of_Accident target variable\n",
    "accidents['Did_Police_Officer_Attend_Scene_of_Accident_numerical'] = accidents['Did_Police_Officer_Attend_Scene_of_Accident'].values.reshape(-1,1)"
   ]
  },
  {
   "cell_type": "code",
   "execution_count": 89,
   "id": "c39b0618",
   "metadata": {},
   "outputs": [
    {
     "data": {
      "application/vnd.plotly.v1+json": {
       "config": {
        "linkText": "Export to plot.ly",
        "plotlyServerURL": "https://plot.ly",
        "showLink": false
       },
       "data": [
        {
         "colorscale": [
          [
           0,
           "#440154"
          ],
          [
           0.1111111111111111,
           "#482878"
          ],
          [
           0.2222222222222222,
           "#3e4989"
          ],
          [
           0.3333333333333333,
           "#31688e"
          ],
          [
           0.4444444444444444,
           "#26828e"
          ],
          [
           0.5555555555555556,
           "#1f9e89"
          ],
          [
           0.6666666666666666,
           "#35b779"
          ],
          [
           0.7777777777777778,
           "#6ece58"
          ],
          [
           0.8888888888888888,
           "#b5de2b"
          ],
          [
           1,
           "#fde725"
          ]
         ],
         "opacity": 1,
         "reversescale": false,
         "type": "heatmap",
         "x": [
          "Police_Force",
          "Accident_Severity",
          "Number_of_Vehicles",
          "Number_of_Casualties",
          "Day_of_Week",
          "Local_Authority_(District)",
          "1st_Road_Class",
          "1st_Road_Number",
          "Road_Type",
          "Speed_limit",
          "Junction_Detail",
          "Junction_Control",
          "2nd_Road_Class",
          "2nd_Road_Number",
          "Pedestrian_Crossing-Human_Control",
          "Pedestrian_Crossing-Physical_Facilities",
          "Light_Conditions",
          "Weather_Conditions",
          "Road_Surface_Conditions",
          "Special_Conditions_at_Site",
          "Carriageway_Hazards",
          "Urban_or_Rural_Area",
          "Did_Police_Officer_Attend_Scene_of_Accident"
         ],
         "y": [
          "Police_Force",
          "Accident_Severity",
          "Number_of_Vehicles",
          "Number_of_Casualties",
          "Day_of_Week",
          "Local_Authority_(District)",
          "1st_Road_Class",
          "1st_Road_Number",
          "Road_Type",
          "Speed_limit",
          "Junction_Detail",
          "Junction_Control",
          "2nd_Road_Class",
          "2nd_Road_Number",
          "Pedestrian_Crossing-Human_Control",
          "Pedestrian_Crossing-Physical_Facilities",
          "Light_Conditions",
          "Weather_Conditions",
          "Road_Surface_Conditions",
          "Special_Conditions_at_Site",
          "Carriageway_Hazards",
          "Urban_or_Rural_Area",
          "Did_Police_Officer_Attend_Scene_of_Accident"
         ],
         "z": [
          [
           1,
           -0.07528207123396395,
           0.003341418402805239,
           0.04477988555289021,
           -0.007074138161364718,
           0.9812443258869733,
           0.03518976441794397,
           0.02065690539942393,
           0.027782919269685027,
           0.255132121370475,
           -0.11895025185904168,
           -0.06632963980487168,
           -0.13636957609572953,
           0.010731844710026334,
           0.09211454768492851,
           -0.1035518009163173,
           -0.007603788043318305,
           -0.04454006595721005,
           0.09400640897232286,
           0.03286349583983954,
           0.039948494288383554,
           0.2764199385820106,
           -0.18474844827744258
          ],
          [
           -0.07528207123396395,
           1,
           0.07037493380207348,
           -0.08085668670297544,
           0.005541979679272629,
           -0.07553973909788303,
           0.009565438680054297,
           -0.011569831480066139,
           -0.03405774135689651,
           -0.10073173067498412,
           0.027411725462069474,
           0.03481423393304885,
           0.053094127107628404,
           0.01798241541812361,
           -0.03927528627892738,
           0.013368472824485524,
           -0.045723083336917866,
           0.03130985228620194,
           -0.02293682310594479,
           -0.005437244592064241,
           -0.016079733634273525,
           -0.10145762005985838,
           0.1575147720248822
          ],
          [
           0.003341418402805239,
           0.07037493380207348,
           1,
           0.21693161747048417,
           -0.0031637475918863235,
           0.006080175710095219,
           -0.1358412689538274,
           -0.005439750176039488,
           -0.0752057103055382,
           0.11057872329587436,
           0.026101200960996596,
           0.03895454129756182,
           0.032542734810307054,
           0.012594607304689075,
           -0.011303279336114552,
           -0.06133534486370975,
           -0.06417089950167648,
           -0.03555227330935936,
           -0.027364735364210323,
           -0.007929662533171974,
           -0.0278625405568408,
           0.05479332399581427,
           -0.03663339695237021
          ],
          [
           0.04477988555289021,
           -0.08085668670297544,
           0.21693161747048417,
           1,
           0.003851104344873243,
           0.050508640817394417,
           -0.08640139004102193,
           0.010985723867448038,
           -0.014973195859491712,
           0.16819308249313364,
           -0.008832128274700084,
           -0.025835122651455655,
           -0.04119643678715848,
           -0.0008754505878355471,
           0.019530294715899035,
           -0.03145363077510749,
           0.030175138459164332,
           -0.02521364794074224,
           0.02872925188965943,
           0.014515355557065648,
           0.009917311154951517,
           0.13644399048621145,
           -0.10741760825124623
          ],
          [
           -0.007074138161364718,
           0.005541979679272629,
           -0.0031637475918863235,
           0.003851104344873243,
           1,
           -0.007154443198037639,
           0.0009052339810060987,
           0.00014886971165743252,
           -0.0020495687543752483,
           -0.013585657648522842,
           0.005392851145393073,
           0.004099183186168242,
           0.006578932573290727,
           0.002093475548594051,
           -0.0022929229370961548,
           0.00018810669663224164,
           0.01320127092155436,
           0.015637509531657642,
           0.025916138986479688,
           0.0019824685864255633,
           -0.0024820875352952014,
           -0.01384798462764563,
           0.0066696033531753575
          ],
          [
           0.9812443258869733,
           -0.07553973909788303,
           0.006080175710095219,
           0.050508640817394417,
           -0.007154443198037639,
           1,
           0.047068167590541915,
           0.030243570575178985,
           0.03138166044190564,
           0.2654856507332556,
           -0.1262763948198142,
           -0.06540039856950176,
           -0.14135369754330773,
           0.012989827449348072,
           0.09870288442433034,
           -0.11419067414380644,
           -0.00864087839302858,
           -0.04701766440000033,
           0.09800514482024607,
           0.03390724104299095,
           0.04083494068209355,
           0.2924690029430795,
           -0.19814602669030076
          ],
          [
           0.03518976441794397,
           0.009565438680054297,
           -0.1358412689538274,
           -0.08640139004102193,
           0.0009052339810060987,
           0.047068167590541915,
           1,
           -0.1414197235245685,
           0.2999317283823748,
           -0.35334847162302113,
           0.040738769393307596,
           0.07407373227981238,
           0.08891190208988535,
           -0.04369823024488684,
           0.00859449014533709,
           -0.10526243283135374,
           -0.03659096443504915,
           0.009484869115961745,
           -0.007240635204387667,
           -0.017020457170965304,
           -0.004055803396014385,
           -0.19196174558420012,
           0.03806388297038008
          ],
          [
           0.02065690539942393,
           -0.011569831480066139,
           -0.005439750176039488,
           0.010985723867448038,
           0.00014886971165743252,
           0.030243570575178985,
           -0.1414197235245685,
           1,
           0.011236060066606312,
           -0.02285210530615553,
           0.02096548167350076,
           0.028458913067864584,
           0.026432730343468092,
           0.1498528505422486,
           0.02319289310913656,
           0.048178163084905794,
           0.004244249007308462,
           0.0009766883309219288,
           0.012140106199819495,
           0.0037002182721589966,
           0.0032926575813180914,
           0.0021757323388714818,
           -0.02539651890695812
          ],
          [
           0.027782919269685027,
           -0.03405774135689651,
           -0.0752057103055382,
           -0.014973195859491712,
           -0.0020495687543752483,
           0.03138166044190564,
           0.2999317283823748,
           0.011236060066606312,
           1,
           -0.18631593629707222,
           0.0912050363393089,
           -0.05576494073054749,
           0.014585408317424154,
           -0.07742322125599749,
           -0.05908698092753319,
           -0.06542243423473945,
           -0.006362133577271455,
           0.04772231165696499,
           -0.03424608408344634,
           -0.022762302223857753,
           -0.018508276582788225,
           -0.04513140671069613,
           0.057243795905059756
          ],
          [
           0.255132121370475,
           -0.10073173067498412,
           0.11057872329587436,
           0.16819308249313364,
           -0.013585657648522842,
           0.2654856507332556,
           -0.35334847162302113,
           -0.02285210530615553,
           -0.18631593629707222,
           1,
           -0.22690430989151336,
           -0.2308151379898325,
           -0.3125128813797637,
           -0.02637906794073154,
           0.02698507939353746,
           -0.20050718100376097,
           0.07062806478420187,
           -0.0266056872380512,
           0.11591622720536165,
           0.07071068525565072,
           0.061648456126940365,
           0.669624269408049,
           -0.20447854551879902
          ],
          [
           -0.11895025185904168,
           0.027411725462069474,
           0.026101200960996596,
           -0.008832128274700084,
           0.005392851145393073,
           -0.1262763948198142,
           0.040738769393307596,
           0.02096548167350076,
           0.0912050363393089,
           -0.22690430989151336,
           1,
           0.6632820782661608,
           0.7123672861202694,
           0.12219296700615395,
           0.05027875754735527,
           0.18021687492770838,
           -0.03519270121732027,
           -0.014830792745638267,
           -0.020506106375042823,
           -0.020362751801497114,
           -0.022138147742079693,
           -0.2100115806714757,
           -0.028773514767687816
          ],
          [
           -0.06632963980487168,
           0.03481423393304885,
           0.03895454129756182,
           -0.025835122651455655,
           0.004099183186168242,
           -0.06540039856950176,
           0.07407373227981238,
           0.028458913067864584,
           -0.05576494073054749,
           -0.2308151379898325,
           0.6632820782661608,
           1,
           0.8866722443029402,
           0.1949170539645279,
           0.05878321443874752,
           0.08480800024785287,
           -0.05877494404248757,
           -0.028191654121502225,
           -0.008758565424095957,
           -0.02804557858772376,
           -0.028879307550110624,
           -0.18822389965907868,
           -0.07656860481433361
          ],
          [
           -0.13636957609572953,
           0.053094127107628404,
           0.032542734810307054,
           -0.04119643678715848,
           0.006578932573290727,
           -0.14135369754330773,
           0.08891190208988535,
           0.026432730343468092,
           0.014585408317424154,
           -0.3125128813797637,
           0.7123672861202694,
           0.8866722443029402,
           1,
           0.1214276022033506,
           -0.014504279135121947,
           0.1384787063452267,
           -0.05268418291267763,
           0.0028872353914287884,
           -0.04630287212121221,
           -0.04274695961440761,
           -0.05108807271949112,
           -0.2709202718271189,
           0.059047593460221905
          ],
          [
           0.010731844710026334,
           0.01798241541812361,
           0.012594607304689075,
           -0.0008754505878355471,
           0.002093475548594051,
           0.012989827449348072,
           -0.04369823024488684,
           0.1498528505422486,
           -0.07742322125599749,
           -0.02637906794073154,
           0.12219296700615395,
           0.1949170539645279,
           0.1214276022033506,
           1,
           0.010754771125937411,
           0.1005823681518703,
           -0.005868051366247215,
           -0.005206261521629918,
           -0.0021364571531216248,
           -0.0048670557268034225,
           -0.012835901228896005,
           -0.026923753348003013,
           0.007661139323296166
          ],
          [
           0.09211454768492851,
           -0.03927528627892738,
           -0.011303279336114552,
           0.019530294715899035,
           -0.0022929229370961548,
           0.09870288442433034,
           0.00859449014533709,
           0.02319289310913656,
           -0.05908698092753319,
           0.02698507939353746,
           0.05027875754735527,
           0.05878321443874752,
           -0.014504279135121947,
           0.010754771125937411,
           1,
           0.13086863239504384,
           -0.021535002005929747,
           -0.11075214374188684,
           0.10316156365697945,
           0.057702125604866865,
           0.07856277409101586,
           0.02016368198678298,
           -0.2867018887149909
          ],
          [
           -0.1035518009163173,
           0.013368472824485524,
           -0.06133534486370975,
           -0.03145363077510749,
           0.00018810669663224164,
           -0.11419067414380644,
           -0.10526243283135374,
           0.048178163084905794,
           -0.06542243423473945,
           -0.20050718100376097,
           0.18021687492770838,
           0.08480800024785287,
           0.1384787063452267,
           0.1005823681518703,
           0.13086863239504384,
           1,
           -0.005710028605249493,
           -0.022995429590299585,
           -0.006541309017501998,
           0.0004866543325478413,
           0.006481555097263028,
           -0.2334731970666419,
           0.01532569849950251
          ],
          [
           -0.007603788043318305,
           -0.045723083336917866,
           -0.06417089950167648,
           0.030175138459164332,
           0.01320127092155436,
           -0.00864087839302858,
           -0.03659096443504915,
           0.004244249007308462,
           -0.006362133577271455,
           0.07062806478420187,
           -0.03519270121732027,
           -0.05877494404248757,
           -0.05268418291267763,
           -0.005868051366247215,
           -0.021535002005929747,
           -0.005710028605249493,
           1,
           0.10039203036995716,
           0.17390203540012367,
           0.00688537448537369,
           0.037714890968363154,
           0.041867905270775656,
           -0.012216206345873094
          ],
          [
           -0.04454006595721005,
           0.03130985228620194,
           -0.03555227330935936,
           -0.02521364794074224,
           0.015637509531657642,
           -0.04701766440000033,
           0.009484869115961745,
           0.0009766883309219288,
           0.04772231165696499,
           -0.0266056872380512,
           -0.014830792745638267,
           -0.028191654121502225,
           0.0028872353914287884,
           -0.005206261521629918,
           -0.11075214374188684,
           -0.022995429590299585,
           0.10039203036995716,
           1,
           0.06744657185558492,
           -0.03400240376955519,
           -0.03215143751796946,
           -0.024835109137020837,
           0.16173553694410472
          ],
          [
           0.09400640897232286,
           -0.02293682310594479,
           -0.027364735364210323,
           0.02872925188965943,
           0.025916138986479688,
           0.09800514482024607,
           -0.007240635204387667,
           0.012140106199819495,
           -0.03424608408344634,
           0.11591622720536165,
           -0.020506106375042823,
           -0.008758565424095957,
           -0.04630287212121221,
           -0.0021364571531216248,
           0.10316156365697945,
           -0.006541309017501998,
           0.17390203540012367,
           0.06744657185558492,
           1,
           0.07836246220536693,
           0.062025106707589206,
           0.10549909163315264,
           -0.1677113775163787
          ],
          [
           0.03286349583983954,
           -0.005437244592064241,
           -0.007929662533171974,
           0.014515355557065648,
           0.0019824685864255633,
